# scpi_query transcript 2026-08-20T00:12:56
> SYSTem:TDMA:FLIGHT:RX?
< "RX",32,5776,165,196,276,276,0,890237564,182,1
> SYSTem:ERRor:COUNt?
< 0
> SYSTem:REFMEM:SYNC:TDMA:STATus?
< 1,1,0,2677554,0,0,0,0,0,0,0,0,0,0,0,0,0,0,0,0,0,0,0,0,0,0,0,0,0,0,0,0,0,0,0,0,0,0,0,0,0,0,0,0,0,0,0,0,0,0,3275770240,11,1,1022,1,7,8,0,0,1,2,1059454334,4100141925,1,1,2644466,5,0,3,4,4,0,0,0,0,0,1,0,0,0,0,9,4294967295,0,0,0,0,0,1000000,1,2,1,2644469,948112,948111,2770632224,3050185458,4,1,1322234,177,0,2478433636,623,2478574828,623,0,1322234,1322233,0
> SYSTem:SYNC:VDC:TDMA:PHYS?
< 1,0,25000000,948202,948201,0,0,0,0,0,0,64,25,29,28,24,0,0,0,0,0,0,0,0,0,0,0,0,948201,0,26,27,0,64477668,64477668,40,4,948202,948201,2659391900,623,2659497004,623,2659636536,623,2659658296,623
> SYSTem:ERRor:COUNt?
< 0
